0.0, 
0.14156254791776582, 
0.0, 
0.10288296495171925, 
0.0, 
-0.45247771132312536, 
0.0, 
-0.46311836085117786, 
0.0, 
0.23609126851733037, 
0.0, 
0.22261404570259005, 
0.0, 
-0.24116521617780784, 
0.0, 
-0.30140344294421795, 
0.0, 
0.7029766623839865, 
0.0, 
0.8499261574814974, 
0.0, 
-0.21667124754308592, 
0.0, 
-0.48927015468554047, 
0.0, 
-0.8511390319866641, 
0.0, 
0.5711256486579404, 
0.0, 
1.14704103969498, 
0.0, 
-0.19880704779647598, 
0.0, 
-1.2592314740831314, 
0.0, 
-0.24521631130338717, 
0.0, 
0.1815498904795588, 
0.0, 
-0.2918364665374486, 
0.0, 
-1.4162343427038366, 
0.0, 
-0.07524820053533267, 
0.0, 
1.5526818216168232, 
0.0, 
0.7206753315428893, 
0.0, 
-0.8575432826360135, 
0.0, 
0.24189499855485708, 
0.040658291213030134, 
-0.5198190961626279, 
313.3162962179069
